10001100000010000000000000000000
00000000000010000000000000001000
00100000000010010000000000001111
00000000000010000000000000001000
00000000000010010000000000001001
10001100000010010000000000000000
00100000000010010000000000001001
10001100000010000000000000000000
00000000000010000000000000001000
00100000000010100000000000001111
00000000000010100000000000001010
10101100000010010000000000000000
10001100000010000000000000000000
00100000000010000000000000001000
00000000000010000000000000001000
00100000000010010000000000001111
00000000000010010000000000001001
00100000000010100000000000000000
10101100000010100000010010110000
